[Intrinsic_Parameters]
kFocal_length=1028.518891
kFocal_length_x=1030.278840
kFocal_length_y=1026.758941
kPrincipal_x=640.535786
kPrincipal_y=401.469770
dist_coeff_k1=-0.336653
dist_coeff_k2=0.146993
dist_coeff_p1=-0.001964
dist_coeff_p2=-0.012126
dist_coeff_k3=-0.142051