[Acc parameters]
alpha_1=0.002545
alpha_2=0.003141
alpha_3=-0.001793
b_ax=0.799519
b_ay=1.461080
b_az=1.905230
s_ax=0.999206
s_ay=1.002330
s_az=0.976482
[Additional information]
Date(year-month-day-hour-minute-second)=2019-04-29-10-03-12
Sensor ID=baolong_lens_and_shell_no_9008
[Gyro parameters]
b_gx=0.015448
b_gy=-0.002757
b_gz=0.042845
[Mag parameters]
b_mx=-3.259942
b_my=6.906005
b_mz=6.140046
gamma_1=0.073632
gamma_2=0.003265
gamma_3=-0.105837
gamma_4=0.000282
gamma_5=-0.030786
gamma_6=0.060885
s_mx=1.034662
s_my=1.004565
s_mz=1.000000
